10034584,0,GENERAL
10034584,05,-1,
10034584,100,-1,
10034584,102,-1,
10034584,103,-1,
10034584,104,-1,
10034584,105,-1,
10034584,106,-1,
10034584,108,-1,
10034584,107,-1,
10034584,109,-1,
10034584,11,-1,
10034584,110,-1,
10034584,111,-1,
10034584,112,-1,
10034584,113,-1,
10034584,114,-1,
10034584,115,-1,
10034584,116,-1,
10034584,117,-1,
10034584,118,-1,
10034584,119,-1,
10034584,120,-1,
10034584,121,-1,
10034584,122,-1,
10034584,123,-1,
10034584,124,-1,
10034584,125,-1,
10034584,126,-1,
10034584,127,-1,
10034584,128,-1,
10034584,129,-1,
10034584,13,-1,
10034584,130,-1,
10034584,131,-1,
10034584,132,-1,
10034584,133,-1,
10034584,134,-1,
10034584,135,-1,
10034584,136,-1,
10034584,137,-1,
10034584,138,-1,
10034584,139,-1,
10034584,140,-1,
10034584,141,-1,
10034584,142,-1,
10034584,143,-1,
10034584,18,-1,
10034584,21,-1,
10034584,22,-1,
10034584,24,-1,
10034584,27,-1,
10034584,28,-1,
10034584,29,-1,
10034584,30,-1,
10034584,31,-1,
10034584,32,-1,
10034584,33,-1,
10034584,34,-1,
10034584,35,-1,
10034584,36,-1,
10034584,37,-1,
10034584,38,-1,
10034584,39,-1,
10034584,40,-1,
10034584,41,-1,
10034584,42,-1,
10034584,43,-1,
10034584,44,-1,
10034584,45,1000
10034584,47,-1,
10034584,48,-1,
10034584,49,-1,
10034584,53,-1,
10034584,62,-1,
10034584,64,-1,
10034584,65,LINDAS
10034584,66,EILEEN
10034584,67,IM
10034584,68,FRANCY
10034584,69,-1,
10034584,70,-1,
10034584,71,-1,
10034584,72,-1,
10034584,73,-1,
10034584,74,-1,
10034584,75,-1,
10034584,76,-1,
10034584,77,-1,
10034584,78,-1,
10034584,79,-1,
10034584,80,-1,
10034584,81,-1,
10034584,82,-1,
10034584,83,-1,
10034584,84,-1,
10034584,85,-1,
10034584,86,-1,
10034584,87,-1,
10034584,88,-1,
10034584,89,-1,
10034584,90,-1,
10034584,91,-1,
10034584,92,-1,
10034584,93,-1,
10034584,94,-1,
10034584,95,-1,
10034584,96,-1,
10034584,97,-1,
10034584,98,-1,
10034584,99,-1,
10034584,FA,-1,
10034584,M,-1,
10034584,MA,-1,
10034584,ST,-1,
10034584,XP,-1,
10034584,26,-1,
1017268731,02,ACERO
1017268731,0,GENERAL
1017268731,05,-1,
1017268731,04,BROCHAS Y PINCELES
1017268731,01,OJOS
1017268731,03,LABIOS
1017268731,07,CAREY FRANCES
1017268731,06,KITS
1017268731,08,CAREY KOREANO
1017268731,11,-1,
1017268731,10,COVER GOLD
1017268731,12,ENSAMBLE
1017268731,13,-1,
1017268731,14,FABRICACION FANTASIA
1017268731,16,FANTASIA
1017268731,17,FARMA PET
1017268731,09,CAREY PLASTICO
1017268731,18,-1,
1017268731,15,FABRICACION GOLFI
1017268731,20,BOLSOS BILLETERAS Y CORREAS
1017268731,19,ARTICULOS DE BELLEZA
1017268731,21,-1,
1017268731,23,ACTIVO FIJO
1017268731,22,-1,
1017268731,25,CEIM
1017268731,46,CAREY ECONOMICO
1017268731,50,PENDIENTE POR CARGAR
1017268731,45,1000
1017268731,J,-1,
1017268731,24,-1,
1017268731,M,-1,
1017268731,A,ADOLFO Y ANGELA
1020407599,05,-1,
1020407599,0,GENERAL
1020407599,11,-1,
1020407599,13,-1,
1020407599,18,-1,
1020407599,21,-1,
1020407599,22,-1,
1020407599,24,-1,
1020407599,45,1000
1020407599,53,-1,
1020407599,J,-1,
1020407599,M,-1,
1020407599,62,-1,
1026143280,0,GENERAL
1039449185,0,GENERAL
1041202840,,-1,
1041202840,05,-1,
1041202840,100,-1,
1041202840,101,MODA Y ACCESORIOS
1041202840,102,-1,
1041202840,103,-1,
1041202840,104,-1,
1041202840,105,-1,
1041202840,106,-1,
1041202840,107,-1,
1041202840,108,-1,
1041202840,109,-1,
1041202840,110,-1,
1041202840,111,-1,
1041202840,112,-1,
1041202840,113,-1,
1041202840,114,-1,
1041202840,115,-1,
1041202840,116,-1,
1041202840,117,-1,
1041202840,118,-1,
1041202840,119,-1,
1041202840,120,-1,
1041202840,121,-1,
1041202840,122,-1,
1041202840,123,-1,
1041202840,124,-1,
1041202840,127,-1,
1041202840,128,-1,
1041202840,129,-1,
1041202840,130,-1,
1041202840,131,-1,
1041202840,132,-1,
1041202840,133,-1,
1041202840,135,-1,
1041202840,136,-1,
1041202840,138,-1,
1041202840,137,-1,
1041202840,139,-1,
1041202840,141,-1,
1041202840,140,-1,
1041202840,142,-1,
1041202840,143,-1,
1041202840,144,-1,
1041202840,145,-1,
1041202840,146,-1,
1041202840,148,-1,
1041202840,150,-1,
1041202840,147,-1,
1041202840,149,-1,
1041202840,151,-1,
1041202840,152,-1,
1041202840,153,-1,
1041202840,26,-1,
1041202840,30,-1,
1041202840,29,-1,
1041202840,27,-1,
1041202840,31,-1,
1041202840,32,-1,
1041202840,33,-1,
1041202840,36,-1,
1041202840,35,-1,
1041202840,34,-1,
1041202840,37,-1,
1041202840,38,-1,
1041202840,42,-1,
1041202840,40,-1,
1041202840,41,-1,
1041202840,39,-1,
1041202840,43,-1,
1041202840,47,-1,
1041202840,44,-1,
1041202840,49,-1,
1041202840,64,-1,
1041202840,66,EILEEN
1041202840,65,LINDAS
1041202840,67,IM
1041202840,68,FRANCY
1041202840,69,-1,
1041202840,71,-1,
1041202840,72,-1,
1041202840,70,-1,
1041202840,73,-1,
1041202840,74,-1,
1041202840,75,-1,
1041202840,78,-1,
1041202840,76,-1,
1041202840,77,-1,
1041202840,79,-1,
1041202840,80,-1,
1041202840,82,-1,
1041202840,83,-1,
1041202840,84,-1,
1041202840,81,-1,
1041202840,85,-1,
1041202840,86,-1,
1041202840,87,-1,
1041202840,89,-1,
1041202840,90,-1,
1041202840,88,-1,
1041202840,91,-1,
1041202840,92,-1,
1041202840,96,-1,
1041202840,94,-1,
1041202840,93,-1,
1041202840,95,-1,
1041202840,97,-1,
1041202840,98,-1,
1041202840,99,-1,
1041202840,FA,-1,
1041202840,CA,-1,
1041202840,MA,-1,
1041202840,ST,-1,
1041202840,XP,-1,
1041202840,0,GENERAL
1041202840,1001,MASCOTAS
1041202840,1011,INSUMOS MEDICOS
1041202840,1021,PAPELERIA
1041202840,1031,JOYERIA Y FANTASIA
1041202840,971,BELLEZA
1041202840,981,BISUTERIA
1041202840,991,HOGAR Y FERRETERIA
1041204651,02,ACERO
1041204651,,-1,
1041204651,0,GENERAL
1041204651,04,BROCHAS Y PINCELES
1041204651,01,OJOS
1041204651,05,-1,
1041204651,03,LABIOS
1041204651,06,KITS
1041204651,07,CAREY FRANCES
1041204651,10,COVER GOLD
1041204651,08,CAREY KOREANO
1041204651,09,CAREY PLASTICO
1041204651,12,ENSAMBLE
1041204651,11,-1,
1041204651,14,FABRICACION FANTASIA
1041204651,13,-1,
1041204651,15,FABRICACION GOLFI
1041204651,17,FARMA PET
1041204651,16,FANTASIA
1041204651,19,ARTICULOS DE BELLEZA
1041204651,20,BOLSOS BILLETERAS Y CORREAS
1041204651,18,-1,
1041204651,21,-1,
1041204651,2205,CXP PROVEEDORES NACIONALES
1041204651,2105,CXP OBLIGACIONES FIANANCIERAS
1041204651,22,-1,
1041204651,23,ACTIVO FIJO
1041204651,2301,GASTOS FINANCIEROS
1041204651,2302,CXP GASTOS LEGALES
1041204651,2303,CXP LIBROS SUSCRIPCIONES Y PERIODICOS
1041204651,2304,CXP COMISIONES
1041204651,2305,CXP HONORARIOS
1041204651,2306,CXP SERVICIOS TÉCNICOS
1041204651,2307,CXP SERVICIOS DE MANTENIMIENTO
1041204651,2308,CXP ARRENDAMIENTOS
1041204651,2310,CXP SERVICIOS PUBLICOS
1041204651,2311,CXP SEGUROS
1041204651,2312,CXP GASTOS DE VIAJE
1041204651,2309,CXP TANSPORTES FLETES Y ACARREOS
1041204651,2315,CXP OTROS
1041204651,2313,CXP GASTOS DE REPRESENTACIÓN Y RELACIONES PÚBLICAS
1041204651,A,ADOLFO Y ANGELA
1041204651,45,1000
1041204651,46,CAREY ECONOMICO
1041204651,2314,CXP SERVICIOS ADUANEROS
1041204651,J,-1,
1041204651,M,-1,
1045016007,01,OJOS
1045016007,02,ACERO
1045016007,03,LABIOS
1045016007,05,-1,
1045016007,09,CAREY PLASTICO
1045016007,10,COVER GOLD
1045016007,06,KITS
1045016007,13,-1,
1045016007,04,BROCHAS Y PINCELES
1045016007,12,ENSAMBLE
1045016007,15,FABRICACION GOLFI
1045016007,14,FABRICACION FANTASIA
1045016007,08,CAREY KOREANO
1045016007,11,-1,
1045016007,17,FARMA PET
1045016007,18,-1,
1045016007,07,CAREY FRANCES
1045016007,22,-1,
1045016007,20,BOLSOS BILLETERAS Y CORREAS
1045016007,21,-1,
1045016007,16,FANTASIA
1045016007,46,CAREY ECONOMICO
1045016007,50,PENDIENTE POR CARGAR
1045016007,53,-1,
1045016007,54,ACCESORIOS CONFECCIONADOS
1045016007,55,EXHIBIDORES Y ORGANIZADORES
1045016007,56,GAFAS
1045016007,57,RODINADO
1045016007,58,EMPAQUES PARA REGALOS
1045016007,59,NAVIDAD
1045016007,60,PERLAS FINAS
1045016007,61,MERCANCIA PARA TEMPORADA
1045016007,19,ARTICULOS DE BELLEZA
1045019449,20,BOLSOS BILLETERAS Y CORREAS
1045019449,19,ARTICULOS DE BELLEZA
1045019449,53,-1,
1045019449,0,GENERAL
1045019449,01,OJOS
1045019449,02,ACERO
1045019449,04,BROCHAS Y PINCELES
1045019449,05,-1,
1045019449,03,LABIOS
1045019449,08,CAREY KOREANO
1045019449,06,KITS
1045019449,07,CAREY FRANCES
1045019449,09,CAREY PLASTICO
1045019449,10,COVER GOLD
1045019449,11,-1,
1045019449,12,ENSAMBLE
1045019449,13,-1,
1045019449,14,FABRICACION FANTASIA
1045019449,15,FABRICACION GOLFI
1045019449,16,FANTASIA
1045019449,17,FARMA PET
1045019449,18,-1,
1045019449,21,-1,
1045019449,22,-1,
1045019449,23,ACTIVO FIJO
1045019449,24,-1,
1045019449,25,CEIM
1045019449,45,1000
1045019449,46,CAREY ECONOMICO
1045019449,50,PENDIENTE POR CARGAR
1045019449,51,3000
1045019449,52,700
1045019449,54,ACCESORIOS CONFECCIONADOS
1045019449,55,EXHIBIDORES Y ORGANIZADORES
1045019449,56,GAFAS
1045019449,57,RODINADO
1045019449,58,EMPAQUES PARA REGALOS
1045019449,59,NAVIDAD
1045019449,60,PERLAS FINAS
1045019449,61,MERCANCIA PARA TEMPORADA
1045512402,05,-1,
1045512402,0,GENERAL
1045512402,11,-1,
1045512402,13,-1,
1045512402,18,-1,
1045512402,21,-1,
1045512402,22,-1,
1045512402,45,1000
1045512402,53,-1,
1045512402,62,-1,
1045512402,J,-1,
1045512402,M,-1,
1088285040,0,GENERAL
1088285040,01,OJOS
1088285040,04,BROCHAS Y PINCELES
1088285040,03,LABIOS
1088285040,02,ACERO
1088285040,05,-1,
1088285040,06,KITS
1088285040,07,CAREY FRANCES
1088285040,08,CAREY KOREANO
1088285040,10,COVER GOLD
1088285040,100,-1,
1088285040,09,CAREY PLASTICO
1088285040,101,MODA Y ACCESORIOS
1088285040,102,-1,
1088285040,103,-1,
1088285040,104,-1,
1088285040,106,-1,
1088285040,105,-1,
1088285040,107,-1,
1088285040,11,-1,
1088285040,109,-1,
1088285040,110,-1,
1088285040,111,-1,
1088285040,112,-1,
1088285040,113,-1,
1088285040,115,-1,
1088285040,118,-1,
1088285040,12,ENSAMBLE
1088285040,119,-1,
1088285040,121,-1,
1088285040,123,-1,
1088285040,124,-1,
1088285040,126,-1,
1088285040,127,-1,
1088285040,125,-1,
1088285040,128,-1,
1088285040,129,-1,
1088285040,130,-1,
1088285040,13,-1,
1088285040,131,-1,
1088285040,133,-1,
1088285040,132,-1,
1088285040,134,-1,
1088285040,137,-1,
1088285040,136,-1,
1088285040,138,-1,
1088285040,14,FABRICACION FANTASIA
1088285040,140,-1,
1088285040,142,-1,
1088285040,143,-1,
1088285040,141,-1,
1088285040,15,FABRICACION GOLFI
1088285040,16,FANTASIA
1088285040,21,-1,
1088285040,20,BOLSOS BILLETERAS Y CORREAS
1088285040,19,ARTICULOS DE BELLEZA
1088285040,22,-1,
1088285040,23,ACTIVO FIJO
1088285040,27,-1,
1088285040,25,CEIM
1088285040,28,-1,
1088285040,29,-1,
1088285040,31,-1,
1088285040,33,-1,
1088285040,30,-1,
1088285040,32,-1,
1088285040,34,-1,
1088285040,36,-1,
1088285040,35,-1,
1088285040,37,-1,
1088285040,40,-1,
1088285040,43,-1,
1088285040,44,-1,
1088285040,46,CAREY ECONOMICO
1088285040,50,PENDIENTE POR CARGAR
1088285040,52,700
1088285040,53,-1,
1088285040,55,EXHIBIDORES Y ORGANIZADORES
1088285040,56,GAFAS
1088285040,54,ACCESORIOS CONFECCIONADOS
1088285040,57,RODINADO
1088285040,58,EMPAQUES PARA REGALOS
1088285040,59,NAVIDAD
1088285040,60,PERLAS FINAS
1088285040,62,-1,
1088285040,63,LEGEND
1088285040,61,MERCANCIA PARA TEMPORADA
1088285040,64,-1,
1088285040,67,IM
1088285040,68,FRANCY
1088285040,65,LINDAS
1088285040,66,EILEEN
1088285040,70,-1,
1088285040,75,-1,
1088285040,73,-1,
1088285040,76,-1,
1088285040,77,-1,
1088285040,78,-1,
1088285040,79,-1,
1088285040,80,-1,
1088285040,81,-1,
1088285040,82,-1,
1088285040,86,-1,
1088285040,87,-1,
1088285040,84,-1,
1088285040,83,-1,
1088285040,85,-1,
1088285040,88,-1,
1088285040,93,-1,
1088285040,91,-1,
1088285040,94,-1,
1088285040,95,-1,
1088285040,97,-1,
1088285040,98,-1,
1088285040,96,-1,
1088285040,99,-1,
1088285040,FA,-1,
1088285040,M,-1,
1088285040,MA,-1,
1088285040,ST,-1,
1088285040,XP,-1,
1088285040,,-1,
1088285040,108,-1,
1088285040,114,-1,
1088285040,117,-1,
1088285040,116,-1,
1088285040,120,-1,
1088285040,122,-1,
1088285040,135,-1,
1088285040,139,-1,
1088285040,144,-1,
1088285040,145,-1,
1088285040,146,-1,
1088285040,147,-1,
1088285040,148,-1,
1088285040,149,-1,
1088285040,152,-1,
1088285040,151,-1,
1088285040,150,-1,
1088285040,153,-1,
1088285040,17,FARMA PET
1088285040,18,-1,
1088285040,24,-1,
1088285040,26,-1,
1088285040,38,-1,
1088285040,39,-1,
1088285040,41,-1,
1088285040,42,-1,
1088285040,45,1000
1088285040,48,-1,
1088285040,47,-1,
1088285040,49,-1,
1088285040,51,3000
1088285040,69,-1,
1088285040,71,-1,
1088285040,72,-1,
1088285040,74,-1,
1088285040,89,-1,
1088285040,90,-1,
1088285040,92,-1,
1088285040,CA,-1,
1090506725,0,GENERAL
1090506725,01,OJOS
1090506725,02,ACERO
1090506725,03,LABIOS
1090506725,04,BROCHAS Y PINCELES
1090506725,05,-1,
1090506725,06,KITS
1090506725,07,CAREY FRANCES
1090506725,08,CAREY KOREANO
1090506725,09,CAREY PLASTICO
1090506725,10,COVER GOLD
1090506725,100,-1,
1090506725,101,MODA Y ACCESORIOS
1090506725,102,-1,
1090506725,103,-1,
1090506725,104,-1,
1090506725,105,-1,
1090506725,106,-1,
1090506725,107,-1,
1090506725,109,-1,
1090506725,108,-1,
1090506725,110,-1,
1090506725,11,-1,
1090506725,111,-1,
1090506725,112,-1,
1090506725,113,-1,
1090506725,114,-1,
1090506725,116,-1,
1090506725,115,-1,
1090506725,117,-1,
1090506725,118,-1,
1090506725,119,-1,
1090506725,12,ENSAMBLE
1090506725,120,-1,
1090506725,122,-1,
1090506725,121,-1,
1090506725,123,-1,
1090506725,124,-1,
1090506725,125,-1,
1090506725,126,-1,
1090506725,127,-1,
1090506725,128,-1,
1090506725,129,-1,
1090506725,13,-1,
1090506725,130,-1,
1090506725,131,-1,
1090506725,132,-1,
1090506725,133,-1,
1090506725,134,-1,
1090506725,135,-1,
1090506725,137,-1,
1090506725,139,-1,
1090506725,138,-1,
1090506725,14,FABRICACION FANTASIA
1090506725,140,-1,
1090506725,141,-1,
1090506725,142,-1,
1090506725,143,-1,
1090506725,15,FABRICACION GOLFI
1090506725,17,FARMA PET
1090506725,18,-1,
1090506725,19,ARTICULOS DE BELLEZA
1090506725,20,BOLSOS BILLETERAS Y CORREAS
1090506725,21,-1,
1090506725,23,ACTIVO FIJO
1090506725,22,-1,
1090506725,24,-1,
1090506725,25,CEIM
1090506725,26,-1,
1090506725,27,-1,
1090506725,28,-1,
1090506725,29,-1,
1090506725,30,-1,
1090506725,31,-1,
1090506725,32,-1,
1090506725,33,-1,
1090506725,34,-1,
1090506725,35,-1,
1090506725,36,-1,
1090506725,38,-1,
1090506725,37,-1,
1090506725,39,-1,
1090506725,40,-1,
1090506725,41,-1,
1090506725,42,-1,
1090506725,43,-1,
1090506725,44,-1,
1090506725,45,1000
1090506725,46,CAREY ECONOMICO
1090506725,47,-1,
1090506725,49,-1,
1090506725,48,-1,
1090506725,50,PENDIENTE POR CARGAR
1090506725,51,3000
1090506725,52,700
1090506725,53,-1,
1090506725,54,ACCESORIOS CONFECCIONADOS
1090506725,55,EXHIBIDORES Y ORGANIZADORES
1090506725,56,GAFAS
1090506725,57,RODINADO
1090506725,58,EMPAQUES PARA REGALOS
1090506725,59,NAVIDAD
1090506725,60,PERLAS FINAS
1090506725,61,MERCANCIA PARA TEMPORADA
1090506725,62,-1,
1090506725,63,LEGEND
1090506725,64,-1,
1090506725,66,EILEEN
1090506725,65,LINDAS
1090506725,67,IM
1090506725,68,FRANCY
1090506725,69,-1,
1090506725,71,-1,
1090506725,70,-1,
1090506725,72,-1,
1090506725,73,-1,
1090506725,74,-1,
1090506725,75,-1,
1090506725,76,-1,
1090506725,78,-1,
1090506725,77,-1,
1090506725,79,-1,
1090506725,80,-1,
1090506725,81,-1,
1090506725,84,-1,
1090506725,85,-1,
1090506725,86,-1,
1090506725,87,-1,
1090506725,88,-1,
1090506725,89,-1,
1090506725,91,-1,
1090506725,90,-1,
1090506725,92,-1,
1090506725,93,-1,
1090506725,94,-1,
1090506725,96,-1,
1090506725,98,-1,
1090506725,99,-1,
1090506725,FA,-1,
1090506725,M,-1,
1090506725,MA,-1,
1090506725,ST,-1,
1090506725,XP,-1,
1090506725,136,-1,
1090506725,16,FANTASIA
1090506725,82,-1,
1090506725,83,-1,
1090506725,95,-1,
1090506725,97,-1,
1090506725,,-1,
1090506725,144,-1,
1090506725,148,-1,
1090506725,145,-1,
1090506725,149,-1,
1090506725,147,-1,
1090506725,150,-1,
1090506725,151,-1,
1090506725,153,-1,
1090506725,146,-1,
1090506725,152,-1,
1090506725,CA,-1,
1152444968,03,LABIOS
1152444968,05,-1,
1152444968,01,OJOS
1152444968,0,GENERAL
1152444968,04,BROCHAS Y PINCELES
1152444968,06,KITS
1152444968,02,ACERO
1152444968,09,CAREY PLASTICO
1152444968,10,COVER GOLD
1152444968,13,-1,
1152444968,11,-1,
1152444968,08,CAREY KOREANO
1152444968,07,CAREY FRANCES
1152444968,15,FABRICACION GOLFI
1152444968,12,ENSAMBLE
1152444968,16,FANTASIA
1152444968,14,FABRICACION FANTASIA
1152444968,19,ARTICULOS DE BELLEZA
1152444968,17,FARMA PET
1152444968,20,BOLSOS BILLETERAS Y CORREAS
1152444968,21,-1,
1152444968,23,ACTIVO FIJO
1152444968,24,-1,
1152444968,25,CEIM
1152444968,45,1000
1152444968,22,-1,
1152444968,50,PENDIENTE POR CARGAR
1152444968,A,ADOLFO Y ANGELA
1152444968,J,-1,
1152444968,M,-1,
1152444968,18,-1,
1152444968,46,CAREY ECONOMICO
34987527,0,GENERAL
34987527,05,-1,
34987527,11,-1,
34987527,13,-1,
34987527,18,-1,
34987527,21,-1,
34987527,22,-1,
34987527,45,1000
34987527,53,-1,
34987527,24,-1,
34987527,J,-1,
34987527,M,-1,
444,0,GENERAL
444,,-1,
444,05,-1,
444,100,-1,
444,102,-1,
444,103,-1,
444,104,-1,
444,105,-1,
444,106,-1,
444,107,-1,
444,108,-1,
444,109,-1,
444,11,-1,
444,110,-1,
444,111,-1,
444,112,-1,
444,113,-1,
444,114,-1,
444,115,-1,
444,116,-1,
444,118,-1,
444,117,-1,
444,119,-1,
444,120,-1,
444,121,-1,
444,122,-1,
444,124,-1,
444,123,-1,
444,125,-1,
444,126,-1,
444,127,-1,
444,128,-1,
444,129,-1,
444,13,-1,
444,130,-1,
444,131,-1,
444,132,-1,
444,134,-1,
444,133,-1,
444,135,-1,
444,136,-1,
444,137,-1,
444,138,-1,
444,139,-1,
444,140,-1,
444,141,-1,
444,142,-1,
444,143,-1,
444,144,-1,
444,145,-1,
444,146,-1,
444,147,-1,
444,148,-1,
444,149,-1,
444,150,-1,
444,151,-1,
444,152,-1,
444,153,-1,
444,18,-1,
444,21,-1,
444,22,-1,
444,24,-1,
444,26,-1,
444,27,-1,
444,28,-1,
444,29,-1,
444,31,-1,
444,30,-1,
444,32,-1,
444,33,-1,
444,34,-1,
444,35,-1,
444,37,-1,
444,36,-1,
444,38,-1,
444,39,-1,
444,40,-1,
444,41,-1,
444,42,-1,
444,43,-1,
444,44,-1,
444,45,1000
444,47,-1,
444,48,-1,
444,49,-1,
444,53,-1,
444,62,-1,
444,64,-1,
444,65,LINDAS
444,66,EILEEN
444,68,FRANCY
444,67,IM
444,70,-1,
444,71,-1,
444,69,-1,
444,72,-1,
444,73,-1,
444,74,-1,
444,75,-1,
444,77,-1,
444,76,-1,
444,78,-1,
444,79,-1,
444,80,-1,
444,81,-1,
444,83,-1,
444,82,-1,
444,84,-1,
444,85,-1,
444,86,-1,
444,87,-1,
444,89,-1,
444,88,-1,
444,90,-1,
444,91,-1,
444,92,-1,
444,93,-1,
444,95,-1,
444,94,-1,
444,96,-1,
444,97,-1,
444,98,-1,
444,99,-1,
444,FA,-1,
444,CA,-1,
444,M,-1,
444,MA,-1,
444,XP,-1,
670589,01,OJOS
670589,02,ACERO
670589,03,LABIOS
670589,04,BROCHAS Y PINCELES
670589,05,-1,
670589,06,KITS
670589,07,CAREY FRANCES
670589,08,CAREY KOREANO
670589,09,CAREY PLASTICO
670589,10,COVER GOLD
670589,12,ENSAMBLE
670589,11,-1,
670589,13,-1,
670589,14,FABRICACION FANTASIA
670589,15,FABRICACION GOLFI
670589,17,FARMA PET
670589,16,FANTASIA
670589,18,-1,
670589,19,ARTICULOS DE BELLEZA
670589,20,BOLSOS BILLETERAS Y CORREAS
670589,21,-1,
670589,25,CEIM
670589,46,CAREY ECONOMICO
670589,50,PENDIENTE POR CARGAR
670589,51,3000
670589,53,-1,
670589,54,ACCESORIOS CONFECCIONADOS
670589,55,EXHIBIDORES Y ORGANIZADORES
670589,56,GAFAS
670589,57,RODINADO
670589,58,EMPAQUES PARA REGALOS
670589,59,NAVIDAD
670589,60,PERLAS FINAS
670589,61,MERCANCIA PARA TEMPORADA
670589,61p,-1,
670589,62,-1,
670589,63,LEGEND
670589,68n,ACCESORIOS DE PLAYA
670589,691,INSUMOS MÉDICOS
670589,701,PREVENCION COVID19
670589,711,ANIK-
670589,721,FABRICACION GOLDFIELD
670589,891,BRILLO
670589,881,-1,
670589,901,CACHARROS
670589,911,GORROS Y CHALINAS
670589,931,CAREY BASICO
670589,A,ADOLFO Y ANGELA
670589,52,700
70698722,05,-1,
70698722,18,-1,
70698722,21,-1,
70698722,22,-1,
70698722,53,-1,
70854994,02,ACERO
70854994,01,OJOS
70854994,04,BROCHAS Y PINCELES
70854994,03,LABIOS
70854994,05,-1,
70854994,06,KITS
70854994,07,CAREY FRANCES
70854994,08,CAREY KOREANO
70854994,09,CAREY PLASTICO
70854994,10,COVER GOLD
70854994,11,-1,
70854994,12,ENSAMBLE
70854994,13,-1,
70854994,14,FABRICACION FANTASIA
70854994,15,FABRICACION GOLFI
70854994,16,FANTASIA
70854994,17,FARMA PET
70854994,18,-1,
70854994,19,ARTICULOS DE BELLEZA
70854994,20,BOLSOS BILLETERAS Y CORREAS
70854994,21,-1,
70854994,22,-1,
70854994,23,ACTIVO FIJO
70854994,25,CEIM
70854994,46,CAREY ECONOMICO
70854994,50,PENDIENTE POR CARGAR
70854994,51,3000
70854994,52,700
70854994,53,-1,
70854994,54,ACCESORIOS CONFECCIONADOS
70854994,55,EXHIBIDORES Y ORGANIZADORES
70854994,56,GAFAS
70854994,57,RODINADO
70854994,58,EMPAQUES PARA REGALOS
70854994,59,NAVIDAD
70854994,60,PERLAS FINAS
70854994,61,MERCANCIA PARA TEMPORADA
70854994,61p,-1,
70854994,62,-1,
70854994,63,LEGEND
70854994,68n,ACCESORIOS DE PLAYA
70854994,691,INSUMOS MÉDICOS
70854994,701,PREVENCION COVID19
70854994,711,ANIK-
70854994,721,FABRICACION GOLDFIELD
70854994,881,-1,
70854994,891,BRILLO
70854994,901,CACHARROS
70854994,911,GORROS Y CHALINAS
70854994,931,CAREY BASICO
70854994,A,ADOLFO Y ANGELA
70854994,1001,MASCOTAS
70854994,101,MODA Y ACCESORIOS
70854994,1011,INSUMOS MEDICOS
70854994,1021,PAPELERIA
70854994,1031,JOYERIA Y FANTASIA
70854994,971,BELLEZA
70854994,981,BISUTERIA
70854994,991,HOGAR Y FERRETERIA
70855304,01,OJOS
70855304,02,ACERO
70855304,03,LABIOS
70855304,04,BROCHAS Y PINCELES
70855304,05,-1,
70855304,06,KITS
70855304,07,CAREY FRANCES
70855304,08,CAREY KOREANO
70855304,09,CAREY PLASTICO
70855304,10,COVER GOLD
70855304,11,-1,
70855304,12,ENSAMBLE
70855304,13,-1,
70855304,14,FABRICACION FANTASIA
70855304,15,FABRICACION GOLFI
70855304,16,FANTASIA
70855304,17,FARMA PET
70855304,18,-1,
70855304,19,ARTICULOS DE BELLEZA
70855304,20,BOLSOS BILLETERAS Y CORREAS
70855304,21,-1,
70855304,22,-1,
70855304,23,ACTIVO FIJO
70855304,25,CEIM
70855304,46,CAREY ECONOMICO
70855304,50,PENDIENTE POR CARGAR
70855304,51,3000
70855304,52,700
70855304,53,-1,
70855304,54,ACCESORIOS CONFECCIONADOS
70855304,55,EXHIBIDORES Y ORGANIZADORES
70855304,56,GAFAS
70855304,57,RODINADO
70855304,58,EMPAQUES PARA REGALOS
70855304,59,NAVIDAD
70855304,60,PERLAS FINAS
70855304,61,MERCANCIA PARA TEMPORADA
70855304,61p,-1,
70855304,62,-1,
70855304,63,LEGEND
70855304,68n,ACCESORIOS DE PLAYA
70855304,691,INSUMOS MÉDICOS
70855304,701,PREVENCION COVID19
70855304,711,ANIK-
70855304,721,FABRICACION GOLDFIELD
70855304,881,-1,
70855304,891,BRILLO
70855304,901,CACHARROS
70855304,911,GORROS Y CHALINAS
70855304,931,CAREY BASICO
70855304,A,ADOLFO Y ANGELA
71575683,131,-1,
71575683,,-1,
71575683,100,-1,
71575683,101,MODA Y ACCESORIOS
71575683,102,-1,
71575683,103,-1,
71575683,104,-1,
71575683,105,-1,
71575683,106,-1,
71575683,107,-1,
71575683,108,-1,
71575683,109,-1,
71575683,110,-1,
71575683,111,-1,
71575683,112,-1,
71575683,113,-1,
71575683,114,-1,
71575683,115,-1,
71575683,117,-1,
71575683,118,-1,
71575683,116,-1,
71575683,119,-1,
71575683,120,-1,
71575683,121,-1,
71575683,122,-1,
71575683,123,-1,
71575683,124,-1,
71575683,125,-1,
71575683,126,-1,
71575683,127,-1,
71575683,128,-1,
71575683,129,-1,
71575683,132,-1,
71575683,130,-1,
71575683,133,-1,
71575683,134,-1,
71575683,135,-1,
71575683,138,-1,
71575683,136,-1,
71575683,137,-1,
71575683,139,-1,
71575683,140,-1,
71575683,141,-1,
71575683,143,-1,
71575683,144,-1,
71575683,145,-1,
71575683,146,-1,
71575683,147,-1,
71575683,148,-1,
71575683,149,-1,
71575683,150,-1,
71575683,151,-1,
71575683,152,-1,
71575683,153,-1,
71575683,26,-1,
71575683,27,-1,
71575683,28,-1,
71575683,31,-1,
71575683,32,-1,
71575683,29,-1,
71575683,30,-1,
71575683,33,-1,
71575683,34,-1,
71575683,35,-1,
71575683,36,-1,
71575683,39,-1,
71575683,38,-1,
71575683,37,-1,
71575683,40,-1,
71575683,41,-1,
71575683,42,-1,
71575683,43,-1,
71575683,47,-1,
71575683,48,-1,
71575683,49,-1,
71575683,69,-1,
71575683,70,-1,
71575683,71,-1,
71575683,72,-1,
71575683,73,-1,
71575683,75,-1,
71575683,76,-1,
71575683,74,-1,
71575683,77,-1,
71575683,78,-1,
71575683,79,-1,
71575683,80,-1,
71575683,81,-1,
71575683,84,-1,
71575683,82,-1,
71575683,83,-1,
71575683,85,-1,
71575683,86,-1,
71575683,87,-1,
71575683,88,-1,
71575683,90,-1,
71575683,92,-1,
71575683,91,-1,
71575683,89,-1,
71575683,93,-1,
71575683,94,-1,
71575683,95,-1,
71575683,98,-1,
71575683,97,-1,
71575683,96,-1,
71575683,99,-1,
71575683,CA,-1,
71575683,FA,-1,
71575683,ST,-1,
71575683,XP,-1,
71575683,MA,-1,
71575683,0,GENERAL
71575683,05,-1,
71575683,11,-1,
71575683,13,-1,
71575683,18,-1,
71575683,21,-1,
71575683,22,-1,
71575683,24,-1,
71575683,45,1000
71575683,53,-1,
71575683,1001,MASCOTAS
71575683,1011,INSUMOS MEDICOS
71575683,1021,PAPELERIA
71575683,971,BELLEZA
71575683,981,BISUTERIA
71575683,991,HOGAR Y FERRETERIA
71768001,,-1,
71768001,05,-1,
71768001,100,-1,
71768001,102,-1,
71768001,105,-1,
71768001,103,-1,
71768001,104,-1,
71768001,106,-1,
71768001,107,-1,
71768001,108,-1,
71768001,109,-1,
71768001,110,-1,
71768001,111,-1,
71768001,112,-1,
71768001,113,-1,
71768001,114,-1,
71768001,116,-1,
71768001,115,-1,
71768001,117,-1,
71768001,119,-1,
71768001,120,-1,
71768001,121,-1,
71768001,122,-1,
71768001,123,-1,
71768001,127,-1,
71768001,126,-1,
71768001,128,-1,
71768001,129,-1,
71768001,131,-1,
71768001,132,-1,
71768001,130,-1,
71768001,133,-1,
71768001,134,-1,
71768001,135,-1,
71768001,136,-1,
71768001,138,-1,
71768001,137,-1,
71768001,139,-1,
71768001,140,-1,
71768001,141,-1,
71768001,142,-1,
71768001,143,-1,
71768001,144,-1,
71768001,145,-1,
71768001,146,-1,
71768001,148,-1,
71768001,149,-1,
71768001,147,-1,
71768001,150,-1,
71768001,151,-1,
71768001,153,-1,
71768001,152,-1,
71768001,18,-1,
71768001,21,-1,
71768001,26,-1,
71768001,27,-1,
71768001,28,-1,
71768001,29,-1,
71768001,31,-1,
71768001,33,-1,
71768001,34,-1,
71768001,32,-1,
71768001,35,-1,
71768001,36,-1,
71768001,37,-1,
71768001,39,-1,
71768001,38,-1,
71768001,40,-1,
71768001,41,-1,
71768001,42,-1,
71768001,43,-1,
71768001,44,-1,
71768001,47,-1,
71768001,48,-1,
71768001,49,-1,
71768001,53,-1,
71768001,62,-1,
71768001,64,-1,
71768001,65,LINDAS
71768001,66,EILEEN
71768001,70,-1,
71768001,68,FRANCY
71768001,67,IM
71768001,71,-1,
71768001,73,-1,
71768001,74,-1,
71768001,76,-1,
71768001,75,-1,
71768001,77,-1,
71768001,78,-1,
71768001,82,-1,
71768001,83,-1,
71768001,84,-1,
71768001,85,-1,
71768001,88,-1,
71768001,86,-1,
71768001,87,-1,
71768001,89,-1,
71768001,90,-1,
71768001,92,-1,
71768001,94,-1,
71768001,93,-1,
71768001,91,-1,
71768001,95,-1,
71768001,96,-1,
71768001,97,-1,
71768001,99,-1,
71768001,98,-1,
71768001,CA,-1,
71768001,FA,-1,
71768001,ST,-1,
71768001,MA,-1,
71768001,11,-1,
71768001,118,-1,
71768001,124,-1,
71768001,125,-1,
71768001,163,-1,
71768001,162,-1,
71768001,30,-1,
71768001,69,-1,
71768001,72,-1,
71768001,79,-1,
71768001,80,-1,
71768001,81,-1,
71768001,XP,-1,
71768001,2105,CXP OBLIGACIONES FIANANCIERAS
71768001,2205,CXP PROVEEDORES NACIONALES
71768001,2302,CXP GASTOS LEGALES
71768001,2301,GASTOS FINANCIEROS
71768001,2303,CXP LIBROS SUSCRIPCIONES Y PERIODICOS
71768001,2304,CXP COMISIONES
71768001,2305,CXP HONORARIOS
71768001,2307,CXP SERVICIOS DE MANTENIMIENTO
71768001,2306,CXP SERVICIOS TÉCNICOS
71768001,2309,CXP TANSPORTES FLETES Y ACARREOS
71768001,2310,CXP SERVICIOS PUBLICOS
71768001,2308,CXP ARRENDAMIENTOS
71768001,2312,CXP GASTOS DE VIAJE
71768001,2311,CXP SEGUROS
71768001,2313,CXP GASTOS DE REPRESENTACIÓN Y RELACIONES PÚBLICAS
71768001,2314,CXP SERVICIOS ADUANEROS
71768001,2315,CXP OTROS
71768001,0,GENERAL
71768001,13,-1,
71768001,22,-1,
71768001,24,-1,
71768001,45,1000
71768001,J,-1,
71768001,M,-1,
72303419,0,GENERAL
72336949,06,KITS
72336949,100,-1,
72336949,101,MODA Y ACCESORIOS
72336949,102,-1,
72336949,104,-1,
72336949,106,-1,
72336949,103,-1,
72336949,105,-1,
72336949,107,-1,
72336949,109,-1,
72336949,111,-1,
72336949,108,-1,
72336949,110,-1,
72336949,112,-1,
72336949,113,-1,
72336949,116,-1,
72336949,117,-1,
72336949,115,-1,
72336949,118,-1,
72336949,119,-1,
72336949,120,-1,
72336949,121,-1,
72336949,122,-1,
72336949,123,-1,
72336949,125,-1,
72336949,124,-1,
72336949,126,-1,
72336949,127,-1,
72336949,128,-1,
72336949,129,-1,
72336949,132,-1,
72336949,131,-1,
72336949,133,-1,
72336949,130,-1,
72336949,134,-1,
72336949,139,-1,
72336949,135,-1,
72336949,136,-1,
72336949,138,-1,
72336949,137,-1,
72336949,142,-1,
72336949,143,-1,
72336949,17,FARMA PET
72336949,19,ARTICULOS DE BELLEZA
72336949,22,-1,
72336949,26,-1,
72336949,27,-1,
72336949,28,-1,
72336949,30,-1,
72336949,31,-1,
72336949,34,-1,
72336949,35,-1,
72336949,36,-1,
72336949,38,-1,
72336949,39,-1,
72336949,37,-1,
72336949,40,-1,
72336949,43,-1,
72336949,41,-1,
72336949,42,-1,
72336949,44,-1,
72336949,57,RODINADO
72336949,55,EXHIBIDORES Y ORGANIZADORES
72336949,58,EMPAQUES PARA REGALOS
72336949,59,NAVIDAD
72336949,61,MERCANCIA PARA TEMPORADA
72336949,63,LEGEND
72336949,60,PERLAS FINAS
72336949,62,-1,
72336949,64,-1,
72336949,66,EILEEN
72336949,69,-1,
72336949,68,FRANCY
72336949,70,-1,
72336949,71,-1,
72336949,72,-1,
72336949,75,-1,
72336949,73,-1,
72336949,74,-1,
72336949,76,-1,
72336949,77,-1,
72336949,78,-1,
72336949,80,-1,
72336949,81,-1,
72336949,79,-1,
72336949,82,-1,
72336949,83,-1,
72336949,84,-1,
72336949,86,-1,
72336949,87,-1,
72336949,85,-1,
72336949,88,-1,
72336949,91,-1,
72336949,89,-1,
72336949,92,-1,
72336949,94,-1,
72336949,95,-1,
72336949,99,-1,
72336949,96,-1,
72336949,98,-1,
72336949,97,-1,
72336949,FA,-1,
72336949,MA,-1,
72336949,XP,-1,
72336949,ST,-1,
72336949,114,-1,
72336949,140,-1,
72336949,141,-1,
72336949,29,-1,
72336949,33,-1,
72336949,32,-1,
72336949,48,-1,
72336949,47,-1,
72336949,49,-1,
72336949,54,ACCESORIOS CONFECCIONADOS
72336949,56,GAFAS
72336949,65,LINDAS
72336949,67,IM
72336949,93,-1,
72336949,90,-1,
72336949,,-1,
72336949,144,-1,
72336949,145,-1,
72336949,146,-1,
72336949,147,-1,
72336949,148,-1,
72336949,149,-1,
72336949,150,-1,
72336949,151,-1,
72336949,152,-1,
72336949,153,-1,
72336949,CA,-1,
72336949,11,-1,
72336949,16,FANTASIA
72336949,01,OJOS
72336949,02,ACERO
72336949,03,LABIOS
72336949,07,CAREY FRANCES
72336949,04,BROCHAS Y PINCELES
72336949,05,-1,
72336949,08,CAREY KOREANO
72336949,09,CAREY PLASTICO
72336949,10,COVER GOLD
72336949,12,ENSAMBLE
72336949,13,-1,
72336949,14,FABRICACION FANTASIA
72336949,15,FABRICACION GOLFI
72336949,18,-1,
72336949,20,BOLSOS BILLETERAS Y CORREAS
72336949,21,-1,
72336949,46,CAREY ECONOMICO
72336949,50,PENDIENTE POR CARGAR
72336949,53,-1,
72336949,45,1000
72336949,51,3000
72336949,52,700
72336949,0,GENERAL
72336949,24,-1,
92521657,0,GENERAL
92521657,05,-1,
92521657,100,-1,
92521657,102,-1,
92521657,103,-1,
92521657,106,-1,
92521657,104,-1,
92521657,105,-1,
92521657,107,-1,
92521657,108,-1,
92521657,109,-1,
92521657,111,-1,
92521657,11,-1,
92521657,110,-1,
92521657,112,-1,
92521657,113,-1,
92521657,114,-1,
92521657,116,-1,
92521657,117,-1,
92521657,115,-1,
92521657,118,-1,
92521657,119,-1,
92521657,122,-1,
92521657,121,-1,
92521657,120,-1,
92521657,123,-1,
92521657,124,-1,
92521657,125,-1,
92521657,128,-1,
92521657,127,-1,
92521657,126,-1,
92521657,129,-1,
92521657,13,-1,
92521657,130,-1,
92521657,131,-1,
92521657,132,-1,
92521657,133,-1,
92521657,134,-1,
92521657,135,-1,
92521657,137,-1,
92521657,139,-1,
92521657,136,-1,
92521657,138,-1,
92521657,140,-1,
92521657,143,-1,
92521657,142,-1,
92521657,141,-1,
92521657,18,-1,
92521657,21,-1,
92521657,22,-1,
92521657,24,-1,
92521657,27,-1,
92521657,28,-1,
92521657,29,-1,
92521657,31,-1,
92521657,30,-1,
92521657,33,-1,
92521657,32,-1,
92521657,34,-1,
92521657,38,-1,
92521657,39,-1,
92521657,37,-1,
92521657,35,-1,
92521657,40,-1,
92521657,41,-1,
92521657,44,-1,
92521657,42,-1,
92521657,45,1000
92521657,43,-1,
92521657,48,-1,
92521657,47,-1,
92521657,49,-1,
92521657,53,-1,
92521657,62,-1,
92521657,64,-1,
92521657,65,LINDAS
92521657,66,EILEEN
92521657,69,-1,
92521657,70,-1,
92521657,71,-1,
92521657,75,-1,
92521657,73,-1,
92521657,74,-1,
92521657,72,-1,
92521657,76,-1,
92521657,81,-1,
92521657,79,-1,
92521657,82,-1,
92521657,83,-1,
92521657,84,-1,
92521657,87,-1,
92521657,85,-1,
92521657,86,-1,
92521657,88,-1,
92521657,89,-1,
92521657,90,-1,
92521657,91,-1,
92521657,93,-1,
92521657,92,-1,
92521657,94,-1,
92521657,95,-1,
92521657,96,-1,
92521657,98,-1,
92521657,99,-1,
92521657,97,-1,
92521657,FA,-1,
92521657,M,-1,
92521657,ST,-1,
92521657,XP,-1,
92521657,MA,-1,
92521657,,-1,
92521657,2105,CXP OBLIGACIONES FIANANCIERAS
92521657,2205,CXP PROVEEDORES NACIONALES
92521657,2302,CXP GASTOS LEGALES
92521657,2301,GASTOS FINANCIEROS
92521657,2303,CXP LIBROS SUSCRIPCIONES Y PERIODICOS
92521657,2304,CXP COMISIONES
92521657,2306,CXP SERVICIOS TÉCNICOS
92521657,2305,CXP HONORARIOS
92521657,2307,CXP SERVICIOS DE MANTENIMIENTO
92521657,2308,CXP ARRENDAMIENTOS
92521657,2309,CXP TANSPORTES FLETES Y ACARREOS
92521657,2310,CXP SERVICIOS PUBLICOS
92521657,2311,CXP SEGUROS
92521657,2313,CXP GASTOS DE REPRESENTACIÓN Y RELACIONES PÚBLICAS
92521657,2314,CXP SERVICIOS ADUANEROS
92521657,2312,CXP GASTOS DE VIAJE
92521657,2315,CXP OTROS
92521657,J,-1,
928716226081994,0,GENERAL
928716226081994,05,-1,
928716226081994,11,-1,
928716226081994,13,-1,
928716226081994,18,-1,
928716226081994,21,-1,
928716226081994,22,-1,
928716226081994,24,-1,
928716226081994,45,1000
928716226081994,53,-1,
928716226081994,J,-1,
928716226081994,M,-1,
98773140,0,GENERAL
98773140,05,-1,
98773140,100,-1,
98773140,102,-1,
98773140,103,-1,
98773140,104,-1,
98773140,105,-1,
98773140,106,-1,
98773140,107,-1,
98773140,108,-1,
98773140,109,-1,
98773140,11,-1,
98773140,110,-1,
98773140,111,-1,
98773140,112,-1,
98773140,113,-1,
98773140,115,-1,
98773140,114,-1,
98773140,116,-1,
98773140,117,-1,
98773140,118,-1,
98773140,119,-1,
98773140,120,-1,
98773140,121,-1,
98773140,122,-1,
98773140,123,-1,
98773140,124,-1,
98773140,125,-1,
98773140,126,-1,
98773140,127,-1,
98773140,128,-1,
98773140,129,-1,
98773140,13,-1,
98773140,130,-1,
98773140,131,-1,
98773140,132,-1,
98773140,133,-1,
98773140,134,-1,
98773140,135,-1,
98773140,136,-1,
98773140,137,-1,
98773140,138,-1,
98773140,139,-1,
98773140,140,-1,
98773140,141,-1,
98773140,142,-1,
98773140,143,-1,
98773140,18,-1,
98773140,21,-1,
98773140,22,-1,
98773140,24,-1,
98773140,26,-1,
98773140,27,-1,
98773140,28,-1,
98773140,29,-1,
98773140,31,-1,
98773140,30,-1,
98773140,32,-1,
98773140,33,-1,
98773140,34,-1,
98773140,35,-1,
98773140,36,-1,
98773140,37,-1,
98773140,38,-1,
98773140,39,-1,
98773140,40,-1,
98773140,41,-1,
98773140,42,-1,
98773140,43,-1,
98773140,44,-1,
98773140,45,1000
98773140,47,-1,
98773140,48,-1,
98773140,49,-1,
98773140,53,-1,
98773140,62,-1,
98773140,64,-1,
98773140,65,LINDAS
98773140,66,EILEEN
98773140,67,IM
98773140,68,FRANCY
98773140,69,-1,
98773140,70,-1,
98773140,71,-1,
98773140,72,-1,
98773140,73,-1,
98773140,74,-1,
98773140,75,-1,
98773140,76,-1,
98773140,77,-1,
98773140,78,-1,
98773140,80,-1,
98773140,79,-1,
98773140,81,-1,
98773140,82,-1,
98773140,83,-1,
98773140,84,-1,
98773140,85,-1,
98773140,86,-1,
98773140,87,-1,
98773140,88,-1,
98773140,89,-1,
98773140,90,-1,
98773140,91,-1,
98773140,92,-1,
98773140,93,-1,
98773140,94,-1,
98773140,95,-1,
98773140,96,-1,
98773140,97,-1,
98773140,98,-1,
98773140,99,-1,
98773140,FA,-1,
98773140,M,-1,
98773140,MA,-1,
98773140,ST,-1,
98773140,XP,-1,
98773140,,-1,
98773140,144,-1,
98773140,145,-1,
98773140,146,-1,
98773140,147,-1,
98773140,148,-1,
98773140,149,-1,
98773140,150,-1,
98773140,151,-1,
98773140,152,-1,
98773140,153,-1,
98773140,CA,-1,
